1473511
1473510
1473509
1473508
1473507
1473506
1473505
1473504
1485779
1473503
1473502
1473501
1473500
1473499
1473498
1473497
1473495
1473494
1473493
1473492
1473491
1473490
1473489
1473488
1473487
1473486
1473485
1473484
1473483
1473482
1473481
1473480
1473479
1473478
1473477
1473476
1473475
1473474
1473473
1473472
1473471
1473470
1473469
1473468
1473467
1473466
1473465
1473464
1473463
1473462
1473461
1473460
1473459
1473456
1473458
1473457
1473455
1473454
1473453
1473452
1473451
1473450
1473449
1473448
1473447
1473446
1473445
1473444
1473443
1473442
1473441
1473440
1473439
1473438
